p	N	S	T
1	1	2550.0000000000	0.0000035000
1	2	4575.0000000000	0.0000055000
1	4	5081.2500000000	0.0000039000
1	7	5194.8979591837	0.0000038000
1	10	5223.0000000000	0.0000038000
1	22	5244.4214876033	0.0000037000
1	47	5248.7777274785	0.0000040000
1	100	5249.7300000000	0.0000040000
1	220	5249.9442148760	0.0000046000
1	470	5249.9877772748	0.0000053000
1	1000	5249.9973000000	0.0000061000
1	2200	5249.9994421488	0.0000079000
1	4700	5249.9998777728	0.0000132000
1	10000	5249.9999730000	0.0000262000
1	22000	5249.9999944215	0.0000476000
1	47000	5249.9999987777	0.0000984001
1	100000	5249.9999997299	0.0002074000
1	220000	5249.9999999442	0.0004515000
1	470000	5249.9999999877	0.0009799000
1	1000000	5249.9999999975	0.0020229000
1	2200000	5249.9999999997	0.0045205000
1	4700000	5249.9999999993	0.0095997000
1	10000000	5250.0000000004	0.0201572000
1	22000000	5250.0000000003	0.0443817000
1	47000000	5250.0000000014	0.0946491000
1	100000000	5249.9999999997	0.2014111000
1	220000000	5249.9999999990	0.4447952000
1	470000000	5249.9999999987	0.9494546000
1	1000000000	5249.9999999958	2.0195461001
1	2200000000	5249.9999999861	4.4649085000
1	4700000000	5249.9999999630	9.5974580000
1	10000000000	5249.9999998957	20.2912293000
2	1	2550.0000000000	0.0005931000
2	2	4575.0000000000	0.0003187000
2	4	5081.2500000000	0.0004142000
2	7	5194.8979591837	0.0004119000
2	10	5223.0000000000	0.0002574000
2	22	5244.4214876033	0.0004414000
2	47	5248.7777274785	0.0005540000
2	100	5249.7300000000	0.0004257000
2	220	5249.9442148760	0.0004386000
2	470	5249.9877772748	0.0004112000
2	1000	5249.9973000000	0.0005130000
2	2200	5249.9994421488	0.0003394000
2	4700	5249.9998777728	0.0004612000
2	10000	5249.9999730000	0.0003667000
2	22000	5249.9999944215	0.0004845000
2	47000	5249.9999987777	0.0004611000
2	100000	5249.9999997300	0.0004747000
2	220000	5249.9999999441	0.0005992000
2	470000	5249.9999999877	0.0009007000
2	1000000	5249.9999999974	0.0014051000
2	2200000	5249.9999999995	0.0027168000
2	4700000	5249.9999999997	0.0052084000
2	10000000	5250.0000000000	0.0106065000
2	22000000	5250.0000000002	0.0226252000
2	47000000	5250.0000000007	0.0550314000
2	100000000	5249.9999999998	0.1024464000
2	220000000	5249.9999999993	0.2241777000
2	470000000	5249.9999999983	0.4914981000
2	1000000000	5249.9999999953	1.0468861000
2	2200000000	5249.9999999869	2.2930998000
2	4700000000	5249.9999999627	4.8814037000
2	10000000000	5249.9999998949	10.4320729000
3	1	2550.0000000000	0.0005617000
3	2	4575.0000000000	0.0006285000
3	4	5081.2500000000	0.0007278000
3	7	5194.8979591837	0.0007699000
3	10	5223.0000000000	0.0007255000
3	22	5244.4214876033	0.0007137000
3	47	5248.7777274785	0.0006188000
3	100	5249.7300000000	0.0007007000
3	220	5249.9442148760	0.0006879000
3	470	5249.9877772748	0.0006531000
3	1000	5249.9973000000	0.0006907000
3	2200	5249.9994421488	0.0006373000
3	4700	5249.9998777728	0.0009032000
3	10000	5249.9999730000	0.0007210000
3	22000	5249.9999944215	0.0009713999
3	47000	5249.9999987777	0.0006496000
3	100000	5249.9999997300	0.0007380000
3	220000	5249.9999999441	0.0010934000
3	470000	5249.9999999877	0.0010714000
3	1000000	5249.9999999973	0.0014173000
3	2200000	5249.9999999994	0.0021307000
3	4700000	5249.9999999997	0.0037997999
3	10000000	5249.9999999999	0.0074546000
3	22000000	5249.9999999999	0.0184694000
3	47000000	5250.0000000010	0.0333091000
3	100000000	5250.0000000020	0.0686480000
3	220000000	5250.0000000032	0.1559529000
3	470000000	5250.0000000060	0.3546764000
3	1000000000	5250.0000000198	0.7377088000
3	2200000000	5250.0000000488	1.5724643000
3	4700000000	5250.0000001205	3.3447044000
3	10000000000	5250.0000002980	7.1909958000
4	1	2550.0000000000	0.0008819000
4	2	4575.0000000000	0.0009260000
4	4	5081.2500000000	0.0012072000
4	7	5194.8979591837	0.0010847000
4	10	5223.0000000000	0.0009530000
4	22	5244.4214876033	0.0007464000
4	47	5248.7777274785	0.0008450000
4	100	5249.7300000000	0.0008593000
4	220	5249.9442148760	0.0010399000
4	470	5249.9877772748	0.0008186000
4	1000	5249.9973000000	0.0008402000
4	2200	5249.9994421488	0.0008320000
4	4700	5249.9998777727	0.0008269000
4	10000	5249.9999730000	0.0009130000
4	22000	5249.9999944215	0.0007906000
4	47000	5249.9999987777	0.0009584000
4	100000	5249.9999997300	0.0009141000
4	220000	5249.9999999442	0.0009519000
4	470000	5249.9999999877	0.0010927000
4	1000000	5249.9999999972	0.0016547000
4	2200000	5249.9999999994	0.0019849000
4	4700000	5249.9999999997	0.0044562000
4	10000000	5249.9999999997	0.0069031000
4	22000000	5250.0000000001	0.0161396000
4	47000000	5250.0000000002	0.0288769000
4	100000000	5250.0000000001	0.0573844000
4	220000000	5249.9999999998	0.1202613000
4	470000000	5249.9999999983	0.2730199000
4	1000000000	5249.9999999996	0.5668733000
4	2200000000	5249.9999999984	1.3034866000
4	4700000000	5249.9999999951	2.6535097000
4	10000000000	5249.9999999865	5.6023377000
5	1	2550.0000000000	0.0008733000
5	2	4575.0000000000	0.0011543000
5	4	5081.2500000000	0.0010046000
5	7	5194.8979591837	0.0009694000
5	10	5223.0000000000	0.0010667000
5	22	5244.4214876033	0.0011686000
5	47	5248.7777274785	0.0011226000
5	100	5249.7300000000	0.0012965000
5	220	5249.9442148760	0.0010710000
5	470	5249.9877772748	0.0012003000
5	1000	5249.9973000000	0.0013376000
5	2200	5249.9994421488	0.0015809000
5	4700	5249.9998777727	0.0008225000
5	10000	5249.9999730000	0.0017384000
5	22000	5249.9999944215	0.0012374001
5	47000	5249.9999987777	0.0032954000
5	100000	5249.9999997300	0.0008693000
5	220000	5249.9999999442	0.0011731000
5	470000	5249.9999999878	0.0013910000
5	1000000	5249.9999999973	0.0016070000
5	2200000	5249.9999999994	0.0023253000
5	4700000	5249.9999999997	0.0037632000
5	10000000	5249.9999999998	0.0057130000
5	22000000	5250.0000000001	0.0126636000
5	47000000	5249.9999999999	0.0276370000
5	100000000	5249.9999999989	0.0538282000
5	220000000	5250.0000000004	0.1188844000
5	470000000	5249.9999999986	0.2310163000
5	1000000000	5249.9999999991	0.4821707000
5	2200000000	5249.9999999955	1.0981579000
5	4700000000	5249.9999999866	2.2206795000
5	10000000000	5249.9999999615	4.7660930000
6	1	2550.0000000000	0.0165566000
6	2	4575.0000000000	0.0014047000
6	4	5081.2500000000	0.0016302000
6	7	5194.8979591837	0.0015619000
6	10	5223.0000000000	0.0017345000
6	22	5244.4214876033	0.0011589000
6	47	5248.7777274785	0.0014167000
6	100	5249.7300000000	0.0013310999
6	220	5249.9442148760	0.0013448000
6	470	5249.9877772748	0.0014743001
6	1000	5249.9973000000	0.0012532000
6	2200	5249.9994421488	0.0012442000
6	4700	5249.9998777727	0.0012896000
6	10000	5249.9999730000	0.0014171000
6	22000	5249.9999944215	0.0012512000
6	47000	5249.9999987777	0.0013361000
6	100000	5249.9999997300	0.0013361000
6	220000	5249.9999999442	0.0015716000
6	470000	5249.9999999878	0.0018926000
6	1000000	5249.9999999973	0.0016419000
6	2200000	5249.9999999995	0.0024368000
6	4700000	5249.9999999998	0.0036117000
6	10000000	5249.9999999999	0.0061863000
6	22000000	5250.0000000001	0.0121679000
6	47000000	5249.9999999995	0.0234189000
6	100000000	5249.9999999999	0.0457742000
6	220000000	5250.0000000018	0.0984950000
6	470000000	5250.0000000027	0.2026427000
6	1000000000	5250.0000000081	0.4130802000
6	2200000000	5250.0000000199	0.9174554000
6	4700000000	5250.0000000487	1.9317035000
6	10000000000	5250.0000001203	4.2362353000
7	1	2550.0000000000	0.0012042000
7	2	4575.0000000000	0.0015046000
7	4	5081.2500000000	0.0015260000
7	7	5194.8979591837	0.0022774000
7	10	5223.0000000000	0.0017582000
7	22	5244.4214876033	0.0016311000
7	47	5248.7777274785	0.0016279000
7	100	5249.7300000000	0.0016746000
7	220	5249.9442148760	0.0015182000
7	470	5249.9877772748	0.0014272000
7	1000	5249.9973000000	0.0015681000
7	2200	5249.9994421488	0.0020681000
7	4700	5249.9998777727	0.0017030000
7	10000	5249.9999730000	0.0012341000
7	22000	5249.9999944215	0.0019145000
7	47000	5249.9999987777	0.0018455000
7	100000	5249.9999997300	0.0012100000
7	220000	5249.9999999442	0.0016297000
7	470000	5249.9999999878	0.0016648000
7	1000000	5249.9999999973	0.0020446000
7	2200000	5249.9999999994	0.0024601000
7	4700000	5250.0000000000	0.0034488000
7	10000000	5249.9999999999	0.0057728000
7	22000000	5249.9999999998	0.0105766000
7	47000000	5249.9999999996	0.0206060000
7	100000000	5249.9999999997	0.0428155000
7	220000000	5250.0000000007	0.0895144000
7	470000000	5249.9999999997	0.1840746000
7	1000000000	5250.0000000006	0.4142972000
7	2200000000	5249.9999999997	0.8265050000
7	4700000000	5249.9999999987	1.7597528000
7	10000000000	5249.9999999951	3.6756222000
8	1	2550.0000000000	0.0017934000
8	2	4575.0000000000	0.0024644000
8	4	5081.2500000000	0.0019100000
8	7	5194.8979591837	0.0020246000
8	10	5223.0000000000	0.0025093000
8	22	5244.4214876033	0.0021488000
8	47	5248.7777274785	0.0018307000
8	100	5249.7300000000	0.0018271000
8	220	5249.9442148760	0.0018426000
8	470	5249.9877772748	0.0021783000
8	1000	5249.9973000000	0.0021913000
8	2200	5249.9994421488	0.0022453000
8	4700	5249.9998777727	0.0026396000
8	10000	5249.9999730000	0.0020430000
8	22000	5249.9999944215	0.0021410000
8	47000	5249.9999987777	0.0018944000
8	100000	5249.9999997300	0.0022287000
8	220000	5249.9999999442	0.0019010000
8	470000	5249.9999999878	0.0025593000
8	1000000	5249.9999999973	0.0024261000
8	2200000	5249.9999999995	0.0028608000
8	4700000	5250.0000000000	0.0032970000
8	10000000	5250.0000000001	0.0077752000
8	22000000	5250.0000000000	0.0115402000
8	47000000	5249.9999999998	0.0207718000
8	100000000	5249.9999999998	0.0373692000
8	220000000	5250.0000000006	0.0800745000
8	470000000	5249.9999999995	0.1671136000
8	1000000000	5249.9999999995	0.3926578000
8	2200000000	5249.9999999982	0.8041204000
8	4700000000	5249.9999999957	1.6181583000
8	10000000000	5249.9999999872	3.3599891000
9	1	2550.0000000000	0.0018165000
9	2	4575.0000000000	0.0019075000
9	4	5081.2500000000	0.0020310000
9	7	5194.8979591837	0.0017423000
9	10	5223.0000000000	0.0019686000
9	22	5244.4214876033	0.0017939000
9	47	5248.7777274785	0.0020634000
9	100	5249.7300000000	0.0024480000
9	220	5249.9442148760	0.0019425999
9	470	5249.9877772748	0.0018111000
9	1000	5249.9973000000	0.0018706000
9	2200	5249.9994421488	0.0016920000
9	4700	5249.9998777727	0.0019194000
9	10000	5249.9999730000	0.0018196000
9	22000	5249.9999944215	0.0021619000
9	47000	5249.9999987777	0.0023671000
9	100000	5249.9999997300	0.0019561000
9	220000	5249.9999999442	0.0021481999
9	470000	5249.9999999878	0.0021547000
9	1000000	5249.9999999973	0.0021089001
9	2200000	5249.9999999994	0.0026079000
9	4700000	5250.0000000000	0.0034677000
9	10000000	5250.0000000001	0.0053467000
9	22000000	5249.9999999999	0.0093701000
9	47000000	5250.0000000000	0.0167192000
9	100000000	5250.0000000000	0.0347241000
9	220000000	5250.0000000004	0.0717963999
9	470000000	5250.0000000007	0.1522068000
9	1000000000	5250.0000000033	0.3188046000
9	2200000000	5250.0000000080	0.7404474000
9	4700000000	5250.0000000198	1.5534505000
9	10000000000	5250.0000000359	3.0969252000
10	1	2550.0000000000	0.0018030001
10	2	4575.0000000000	0.0018831000
10	4	5081.2500000000	0.0021631000
10	7	5194.8979591837	0.0020274000
10	10	5223.0000000000	0.0019196000
10	22	5244.4214876033	0.0019593000
10	47	5248.7777274785	0.0021139000
10	100	5249.7300000000	0.0015439000
10	220	5249.9442148760	0.0021128000
10	470	5249.9877772748	0.0020113000
10	1000	5249.9973000000	0.0020401000
10	2200	5249.9994421488	0.0021417000
10	4700	5249.9998777727	0.0019814000
10	10000	5249.9999730000	0.0023444000
10	22000	5249.9999944215	0.0020720000
10	47000	5249.9999987777	0.0020117000
10	100000	5249.9999997300	0.0021940000
10	220000	5249.9999999442	0.0020545000
10	470000	5249.9999999878	0.0023514000
10	1000000	5249.9999999973	0.0027609000
10	2200000	5249.9999999994	0.0032748000
10	4700000	5250.0000000000	0.0043251000
10	10000000	5250.0000000001	0.0070797000
10	22000000	5250.0000000000	0.0107119000
10	47000000	5249.9999999999	0.0165825000
10	100000000	5249.9999999997	0.0329021000
10	220000000	5250.0000000001	0.0681859000
10	470000000	5249.9999999996	0.1414239000
10	1000000000	5250.0000000003	0.3014555000
10	2200000000	5250.0000000001	0.6544129000
10	4700000000	5249.9999999969	1.4298102000
10	10000000000	5249.9999999945	2.9229501000
11	1	2550.0000000000	0.0016753000
11	2	4575.0000000000	0.0025044000
11	4	5081.2500000000	0.0024058000
11	7	5194.8979591837	0.0023714000
11	10	5223.0000000000	0.0028387000
11	22	5244.4214876033	0.0021165000
11	47	5248.7777274785	0.0022639000
11	100	5249.7300000000	0.0024806000
11	220	5249.9442148760	0.0020777000
11	470	5249.9877772748	0.0022529000
11	1000	5249.9973000000	0.0022612000
11	2200	5249.9994421488	0.0021137000
11	4700	5249.9998777727	0.0023893000
11	10000	5249.9999730000	0.0023692000
11	22000	5249.9999944215	0.0025757000
11	47000	5249.9999987777	0.0023681000
11	100000	5249.9999997300	0.0021606000
11	220000	5249.9999999442	0.0023625000
11	470000	5249.9999999878	0.0024752000
11	1000000	5249.9999999973	0.0027835000
11	2200000	5249.9999999994	0.0032886000
11	4700000	5249.9999999999	0.0039973000
11	10000000	5250.0000000001	0.0060345000
11	22000000	5250.0000000000	0.0106394000
11	47000000	5249.9999999999	0.0232196000
11	100000000	5249.9999999997	0.0441865000
11	220000000	5250.0000000000	0.0672914000
11	470000000	5249.9999999998	0.1419667000
11	1000000000	5250.0000000000	0.2824563000
11	2200000000	5249.9999999993	0.6407156000
11	4700000000	5249.9999999946	1.3617762000
11	10000000000	5249.9999999771	2.9134858000
12	1	2550.0000000000	0.0021383000
12	2	4575.0000000000	0.0025376000
12	4	5081.2500000000	0.0027595000
12	7	5194.8979591837	0.0023553000
12	10	5223.0000000000	0.0023108000
12	22	5244.4214876033	0.0054299000
12	47	5248.7777274785	0.0021006000
12	100	5249.7300000000	0.0023008000
12	220	5249.9442148760	0.0037398000
12	470	5249.9877772748	0.0020324000
12	1000	5249.9973000000	0.0029924000
12	2200	5249.9994421488	0.0029117000
12	4700	5249.9998777727	0.0026968000
12	10000	5249.9999730000	0.0025874000
12	22000	5249.9999944215	0.0029629000
12	47000	5249.9999987777	0.0026422000
12	100000	5249.9999997300	0.0027351000
12	220000	5249.9999999442	0.0023903000
12	470000	5249.9999999878	0.0024543000
12	1000000	5249.9999999973	0.0029179000
12	2200000	5249.9999999995	0.0033899000
12	4700000	5250.0000000000	0.0043570000
12	10000000	5250.0000000001	0.0068895000
12	22000000	5250.0000000001	0.0119846000
12	47000000	5249.9999999999	0.0217549000
12	100000000	5249.9999999999	0.0450819000
12	220000000	5250.0000000008	0.0714472000
12	470000000	5250.0000000014	0.1555790000
12	1000000000	5250.0000000031	0.3129155000
12	2200000000	5250.0000000079	0.6481176000
12	4700000000	5250.0000000198	1.3642564000
12	10000000000	5250.0000000487	3.0627598001
1	1	2550.0000000000	0.0000045000
1	2	4575.0000000000	0.0000036000
1	4	5081.2500000000	0.0000037000
1	7	5194.8979591837	0.0000039000
1	10	5223.0000000000	0.0000034000
1	22	5244.4214876033	0.0000041000
1	47	5248.7777274785	0.0000039000
1	100	5249.7300000000	0.0000038000
1	220	5249.9442148760	0.0000039000
1	470	5249.9877772748	0.0000056000
1	1000	5249.9973000000	0.0000057000
1	2200	5249.9994421488	0.0000077000
1	4700	5249.9998777728	0.0000129000
1	10000	5249.9999730000	0.0000240000
1	22000	5249.9999944215	0.0000551000
1	47000	5249.9999987777	0.0001060000
1	100000	5249.9999997299	0.0002056000
1	220000	5249.9999999442	0.0004462000
1	470000	5249.9999999877	0.0009645000
1	1000000	5249.9999999975	0.0020108000
1	2200000	5249.9999999997	0.0045289000
1	4700000	5249.9999999993	0.0094424000
1	10000000	5250.0000000004	0.0201048000
1	22000000	5250.0000000003	0.0442526000
1	47000000	5250.0000000014	0.0985496000
1	100000000	5249.9999999997	0.2018155000
1	220000000	5249.9999999990	0.4462545000
1	470000000	5249.9999999987	0.9495019000
1	1000000000	5249.9999999958	2.0243217000
1	2200000000	5249.9999999861	4.4608969000
1	4700000000	5249.9999999630	9.5267506000
1	10000000000	5249.9999998957	20.2853233000
2	1	2550.0000000000	0.0003400000
2	2	4575.0000000000	0.0009268000
2	4	5081.2500000000	0.0004079000
2	7	5194.8979591837	0.0004280000
2	10	5223.0000000000	0.0004326000
2	22	5244.4214876033	0.0003970000
2	47	5248.7777274785	0.0003371000
2	100	5249.7300000000	0.0004103000
2	220	5249.9442148760	0.0004367000
2	470	5249.9877772748	0.0003357000
2	1000	5249.9973000000	0.0003820000
2	2200	5249.9994421488	0.0004094000
2	4700	5249.9998777728	0.0004500000
2	10000	5249.9999730000	0.0004375000
2	22000	5249.9999944215	0.0003716000
2	47000	5249.9999987777	0.0003798000
2	100000	5249.9999997300	0.0005616000
2	220000	5249.9999999441	0.0008864000
2	470000	5249.9999999877	0.0008005000
2	1000000	5249.9999999974	0.0016304000
2	2200000	5249.9999999995	0.0025842000
2	4700000	5249.9999999997	0.0050952000
2	10000000	5250.0000000000	0.0107283000
2	22000000	5250.0000000002	0.0226223000
2	47000000	5250.0000000007	0.0492390000
2	100000000	5249.9999999998	0.1066766000
2	220000000	5249.9999999993	0.2316948000
2	470000000	5249.9999999983	0.4873735000
2	1000000000	5249.9999999953	1.0519019000
2	2200000000	5249.9999999869	2.3085114000
2	4700000000	5249.9999999627	4.9095329000
2	10000000000	5249.9999998949	10.4222855000
3	1	2550.0000000000	0.0004970000
3	2	4575.0000000000	0.0005546000
3	4	5081.2500000000	0.0006007000
3	7	5194.8979591837	0.0006826000
3	10	5223.0000000000	0.0007345000
3	22	5244.4214876033	0.0005551000
3	47	5248.7777274785	0.0005935000
3	100	5249.7300000000	0.0006474000
3	220	5249.9442148760	0.0006997000
3	470	5249.9877772748	0.0006374000
3	1000	5249.9973000000	0.0005995000
3	2200	5249.9994421488	0.0006548000
3	4700	5249.9998777728	0.0006700000
3	10000	5249.9999730000	0.0005641000
3	22000	5249.9999944215	0.0006688000
3	47000	5249.9999987777	0.0007028000
3	100000	5249.9999997300	0.0006759000
3	220000	5249.9999999441	0.0007407000
3	470000	5249.9999999877	0.0009438000
3	1000000	5249.9999999973	0.0014144000
3	2200000	5249.9999999994	0.0021219000
3	4700000	5249.9999999997	0.0038066000
3	10000000	5249.9999999999	0.0075582000
3	22000000	5249.9999999999	0.0163960000
3	47000000	5250.0000000010	0.0346295000
3	100000000	5250.0000000020	0.0716447000
3	220000000	5250.0000000032	0.1567649000
3	470000000	5250.0000000060	0.3931598000
3	1000000000	5250.0000000198	0.7375879000
3	2200000000	5250.0000000488	1.6153072999
3	4700000000	5250.0000001205	3.3996819000
3	10000000000	5250.0000002980	7.1625876000
4	1	2550.0000000000	0.0008356000
4	2	4575.0000000000	0.0009645000
4	4	5081.2500000000	0.0007422000
4	7	5194.8979591837	0.0007514000
4	10	5223.0000000000	0.0007723000
4	22	5244.4214876033	0.0008068000
4	47	5248.7777274785	0.0008585000
4	100	5249.7300000000	0.0007685000
4	220	5249.9442148760	0.0008718000
4	470	5249.9877772748	0.0008372000
4	1000	5249.9973000000	0.0008718000
4	2200	5249.9994421488	0.0008454000
4	4700	5249.9998777727	0.0008544000
4	10000	5249.9999730000	0.0008551000
4	22000	5249.9999944215	0.0007898000
4	47000	5249.9999987777	0.0008675000
4	100000	5249.9999997300	0.0009296000
4	220000	5249.9999999442	0.0013645000
4	470000	5249.9999999877	0.0012797000
4	1000000	5249.9999999972	0.0013219000
4	2200000	5249.9999999994	0.0020311000
4	4700000	5249.9999999997	0.0032820000
4	10000000	5249.9999999997	0.0069228000
4	22000000	5250.0000000001	0.0122021000
4	47000000	5250.0000000002	0.0287759000
4	100000000	5250.0000000001	0.0689781000
4	220000000	5249.9999999998	0.1227545000
4	470000000	5249.9999999983	0.2628665000
4	1000000000	5249.9999999996	0.6036575000
4	2200000000	5249.9999999984	1.2950384000
4	4700000000	5249.9999999951	2.7000627000
4	10000000000	5249.9999999865	5.7142177000
5	1	2550.0000000000	0.0010201000
5	2	4575.0000000000	0.0011804000
5	4	5081.2500000000	0.0010805000
5	7	5194.8979591837	0.0094062000
5	10	5223.0000000000	0.0011092000
5	22	5244.4214876033	0.0010705000
5	47	5248.7777274785	0.0011038000
5	100	5249.7300000000	0.0011401000
5	220	5249.9442148760	0.0009891000
5	470	5249.9877772748	0.0010734000
5	1000	5249.9973000000	0.0012209000
5	2200	5249.9994421488	0.0012864000
5	4700	5249.9998777727	0.0017167000
5	10000	5249.9999730000	0.0012673000
5	22000	5249.9999944215	0.0015522000
5	47000	5249.9999987777	0.0010936000
5	100000	5249.9999997300	0.0010969000
5	220000	5249.9999999442	0.0013175000
5	470000	5249.9999999878	0.0014118000
5	1000000	5249.9999999973	0.0016143000
5	2200000	5249.9999999994	0.0021438000
5	4700000	5249.9999999997	0.0030857000
5	10000000	5249.9999999998	0.0054654000
5	22000000	5250.0000000001	0.0102187000
5	47000000	5249.9999999999	0.0249269000
5	100000000	5249.9999999989	0.0551718000
5	220000000	5250.0000000004	0.1079181000
5	470000000	5249.9999999986	0.2379427000
5	1000000000	5249.9999999991	0.5168202000
5	2200000000	5249.9999999955	1.0786260000
5	4700000000	5249.9999999866	2.2820056000
5	10000000000	5249.9999999615	4.7102707000
6	1	2550.0000000000	0.0009803000
6	2	4575.0000000000	0.0012160000
6	4	5081.2500000000	0.0011973000
6	7	5194.8979591837	0.0012555000
6	10	5223.0000000000	0.0016861000
6	22	5244.4214876033	0.0012479000
6	47	5248.7777274785	0.0013474000
6	100	5249.7300000000	0.0013163000
6	220	5249.9442148760	0.0012540000
6	470	5249.9877772748	0.0011318000
6	1000	5249.9973000000	0.0013934000
6	2200	5249.9994421488	0.0014305000
6	4700	5249.9998777727	0.0014931000
6	10000	5249.9999730000	0.0012220000
6	22000	5249.9999944215	0.0014123000
6	47000	5249.9999987777	0.0013486000
6	100000	5249.9999997300	0.0013565000
6	220000	5249.9999999442	0.0017164000
6	470000	5249.9999999878	0.0014530000
6	1000000	5249.9999999973	0.0017922000
6	2200000	5249.9999999995	0.0023040000
6	4700000	5249.9999999998	0.0035629000
6	10000000	5249.9999999999	0.0066747000
6	22000000	5250.0000000001	0.0115085000
6	47000000	5249.9999999995	0.0248603999
6	100000000	5249.9999999999	0.0480641000
6	220000000	5250.0000000018	0.1009540000
6	470000000	5250.0000000027	0.2036070000
6	1000000000	5250.0000000081	0.4273814000
6	2200000000	5250.0000000199	0.9205414000
6	4700000000	5250.0000000487	1.9845231000
6	10000000000	5250.0000001203	4.1538081000
7	1	2550.0000000000	0.0014462000
7	2	4575.0000000000	0.0015403000
7	4	5081.2500000000	0.0014313000
7	7	5194.8979591837	0.0015482000
7	10	5223.0000000000	0.0014713000
7	22	5244.4214876033	0.0014875000
7	47	5248.7777274785	0.0014533999
7	100	5249.7300000000	0.0015785000
7	220	5249.9442148760	0.0014085000
7	470	5249.9877772748	0.0016876000
7	1000	5249.9973000000	0.0016428000
7	2200	5249.9994421488	0.0022622000
7	4700	5249.9998777727	0.0014631000
7	10000	5249.9999730000	0.0017788000
7	22000	5249.9999944215	0.0015243000
7	47000	5249.9999987777	0.0019150000
7	100000	5249.9999997300	0.0018102000
7	220000	5249.9999999442	0.0239244000
7	470000	5249.9999999878	0.0047288000
7	1000000	5249.9999999973	0.0020071000
7	2200000	5249.9999999994	0.0027128000
7	4700000	5250.0000000000	0.0035178000
7	10000000	5249.9999999999	0.0057872000
7	22000000	5249.9999999998	0.0105772000
7	47000000	5249.9999999996	0.0199986000
7	100000000	5249.9999999997	0.0408041000
7	220000000	5250.0000000007	0.0920818000
7	470000000	5249.9999999997	0.2121559000
7	1000000000	5250.0000000006	0.4075029000
7	2200000000	5249.9999999997	0.8651403000
7	4700000000	5249.9999999987	1.7930715000
7	10000000000	5249.9999999951	3.7143510000
8	1	2550.0000000000	0.0013350000
8	2	4575.0000000000	0.0015314000
8	4	5081.2500000000	0.0018785000
8	7	5194.8979591837	0.0018705000
8	10	5223.0000000000	0.0018581000
8	22	5244.4214876033	0.0021237000
8	47	5248.7777274785	0.0021615000
8	100	5249.7300000000	0.0019808000
8	220	5249.9442148760	0.0016572000
8	470	5249.9877772748	0.0016642000
8	1000	5249.9973000000	0.0016095000
8	2200	5249.9994421488	0.0017894000
8	4700	5249.9998777727	0.0016212999
8	10000	5249.9999730000	0.0017601000
8	22000	5249.9999944215	0.0016484000
8	47000	5249.9999987777	0.0017721000
8	100000	5249.9999997300	0.0019136000
8	220000	5249.9999999442	0.0018664000
8	470000	5249.9999999878	0.0017359000
8	1000000	5249.9999999973	0.0019994000
8	2200000	5249.9999999995	0.0025169000
8	4700000	5250.0000000000	0.0035128000
8	10000000	5250.0000000001	0.0053507000
8	22000000	5250.0000000000	0.0101998000
8	47000000	5249.9999999998	0.0180871000
8	100000000	5249.9999999998	0.0372883001
8	220000000	5250.0000000006	0.0763056000
8	470000000	5249.9999999995	0.1619946000
8	1000000000	5249.9999999995	0.3448624000
8	2200000000	5249.9999999982	0.7452969000
8	4700000000	5249.9999999957	1.5799396000
8	10000000000	5249.9999999872	3.3969264000
9	1	2550.0000000000	0.0015939000
9	2	4575.0000000000	0.0018948000
9	4	5081.2500000000	0.0020090000
9	7	5194.8979591837	0.0019770000
9	10	5223.0000000000	0.0020758000
9	22	5244.4214876033	0.0020779000
9	47	5248.7777274785	0.0021979000
9	100	5249.7300000000	0.0021420000
9	220	5249.9442148760	0.0022055000
9	470	5249.9877772748	0.0020548000
9	1000	5249.9973000000	0.0019839000
9	2200	5249.9994421488	0.0022962000
9	4700	5249.9998777727	0.0021160000
9	10000	5249.9999730000	0.0020529000
9	22000	5249.9999944215	0.0020049000
9	47000	5249.9999987777	0.0054223000
9	100000	5249.9999997300	0.0018350000
9	220000	5249.9999999442	0.0021635000
9	470000	5249.9999999878	0.0024294000
9	1000000	5249.9999999973	0.0025059000
9	2200000	5249.9999999994	0.0033319001
9	4700000	5250.0000000000	0.0036240000
9	10000000	5250.0000000001	0.0054009000
9	22000000	5249.9999999999	0.0095826000
9	47000000	5250.0000000000	0.0187355000
9	100000000	5250.0000000000	0.0347804000
9	220000000	5250.0000000004	0.0734227001
9	470000000	5250.0000000007	0.1511950000
9	1000000000	5250.0000000033	0.3195741000
9	2200000000	5250.0000000080	0.7013199000
9	4700000000	5250.0000000198	1.4926537000
9	10000000000	5250.0000000359	3.1593136000
10	1	2550.0000000000	0.0016508000
10	2	4575.0000000000	0.0025929000
10	4	5081.2500000000	0.0018840000
10	7	5194.8979591837	0.0021133000
10	10	5223.0000000000	0.0060147000
10	22	5244.4214876033	0.0031500000
10	47	5248.7777274785	0.0020081000
10	100	5249.7300000000	0.0020256000
10	220	5249.9442148760	0.0022142000
10	470	5249.9877772748	0.0023757000
10	1000	5249.9973000000	0.0022618000
10	2200	5249.9994421488	0.0021067000
10	4700	5249.9998777727	0.0019734000
10	10000	5249.9999730000	0.0021224000
10	22000	5249.9999944215	0.0022279000
10	47000	5249.9999987777	0.0021552000
10	100000	5249.9999997300	0.0023809000
10	220000	5249.9999999442	0.0019814000
10	470000	5249.9999999878	0.0022334000
10	1000000	5249.9999999973	0.0026503000
10	2200000	5249.9999999994	0.0026126000
10	4700000	5250.0000000000	0.0033363000
10	10000000	5250.0000000001	0.0060176000
10	22000000	5250.0000000000	0.0092002000
10	47000000	5249.9999999999	0.0162582000
10	100000000	5249.9999999997	0.0324771000
10	220000000	5250.0000000001	0.0670067000
10	470000000	5249.9999999996	0.1415869000
10	1000000000	5250.0000000003	0.2984639000
10	2200000000	5250.0000000001	0.6599606000
10	4700000000	5249.9999999969	1.3937429000
10	10000000000	5249.9999999945	2.9121934000
11	1	2550.0000000000	0.0017854000
11	2	4575.0000000000	0.0023065000
11	4	5081.2500000000	0.0025190000
11	7	5194.8979591837	0.0020849000
11	10	5223.0000000000	0.0021330000
11	22	5244.4214876033	0.0021413000
11	47	5248.7777274785	0.0022850000
11	100	5249.7300000000	0.0021421000
11	220	5249.9442148760	0.0022028000
11	470	5249.9877772748	0.0022198000
11	1000	5249.9973000000	0.0021401000
11	2200	5249.9994421488	0.0023094000
11	4700	5249.9998777727	0.0022879000
11	10000	5249.9999730000	0.0021512000
11	22000	5249.9999944215	0.0022775000
11	47000	5249.9999987777	0.0026794000
11	100000	5249.9999997300	0.0022533000
11	220000	5249.9999999442	0.0022001000
11	470000	5249.9999999878	0.0024214000
11	1000000	5249.9999999973	0.0027841000
11	2200000	5249.9999999994	0.0031453000
11	4700000	5249.9999999999	0.0040433000
11	10000000	5250.0000000001	0.0063510000
11	22000000	5250.0000000000	0.0094953000
11	47000000	5249.9999999999	0.0170527000
11	100000000	5249.9999999997	0.0313276000
11	220000000	5250.0000000000	0.0670687000
11	470000000	5249.9999999998	0.1387752000
11	1000000000	5250.0000000000	0.3113207000
11	2200000000	5249.9999999993	0.6387812000
11	4700000000	5249.9999999946	1.3924676000
11	10000000000	5249.9999999771	2.8734997000
12	1	2550.0000000000	0.0029494000
12	2	4575.0000000000	0.0029376000
12	4	5081.2500000000	0.0025375000
12	7	5194.8979591837	0.0024045000
12	10	5223.0000000000	0.0023459000
12	22	5244.4214876033	0.0024138000
12	47	5248.7777274785	0.0026163000
12	100	5249.7300000000	0.0024150000
12	220	5249.9442148760	0.0023036000
12	470	5249.9877772748	0.0023414000
12	1000	5249.9973000000	0.0027974000
12	2200	5249.9994421488	0.0022101000
12	4700	5249.9998777727	0.0028445000
12	10000	5249.9999730000	0.0024405000
12	22000	5249.9999944215	0.0024358000
12	47000	5249.9999987777	0.0023466000
12	100000	5249.9999997300	0.0024488000
12	220000	5249.9999999442	0.0026997000
12	470000	5249.9999999878	0.0032302000
12	1000000	5249.9999999973	0.0033889000
12	2200000	5249.9999999995	0.0040556000
12	4700000	5250.0000000000	0.0048248000
12	10000000	5250.0000000001	0.0069081000
12	22000000	5250.0000000001	0.0115619000
12	47000000	5249.9999999999	0.0228125000
12	100000000	5249.9999999999	0.0444117000
12	220000000	5250.0000000008	0.0848699000
12	470000000	5250.0000000014	0.1527100000
12	1000000000	5250.0000000031	0.3046963000
12	2200000000	5250.0000000079	0.6526603000
12	4700000000	5250.0000000198	1.4274599000
12	10000000000	5250.0000000487	2.9630299000
1	1	2550.0000000000	0.0000037000
1	2	4575.0000000000	0.0000038000
1	4	5081.2500000000	0.0000042000
1	7	5194.8979591837	0.0000042000
1	10	5223.0000000000	0.0000036000
1	22	5244.4214876033	0.0000093000
1	47	5248.7777274785	0.0000042000
1	100	5249.7300000000	0.0000041000
1	220	5249.9442148760	0.0000042000
1	470	5249.9877772748	0.0000046000
1	1000	5249.9973000000	0.0000060000
1	2200	5249.9994421488	0.0000088000
1	4700	5249.9998777728	0.0000129000
1	10000	5249.9999730000	0.0000236000
1	22000	5249.9999944215	0.0000504000
1	47000	5249.9999987777	0.0000996000
1	100000	5249.9999997299	0.0002042000
1	220000	5249.9999999442	0.0004446000
1	470000	5249.9999999877	0.0009529000
1	1000000	5249.9999999975	0.0021208000
1	2200000	5249.9999999997	0.0044434000
1	4700000	5249.9999999993	0.0095458000
1	10000000	5250.0000000004	0.0205193000
1	22000000	5250.0000000003	0.0451933000
1	47000000	5250.0000000014	0.0944486000
1	100000000	5249.9999999997	0.2040093000
1	220000000	5249.9999999990	0.4465879000
1	470000000	5249.9999999987	0.9541407000
1	1000000000	5249.9999999958	2.0251014000
1	2200000000	5249.9999999861	4.4773901000
1	4700000000	5249.9999999630	9.5041840000
1	10000000000	5249.9999998957	20.2861334000
2	1	2550.0000000000	0.0004579001
2	2	4575.0000000000	0.0002848000
2	4	5081.2500000000	0.0003918000
2	7	5194.8979591837	0.0005615000
2	10	5223.0000000000	0.0004123000
2	22	5244.4214876033	0.0004490000
2	47	5248.7777274785	0.0004174000
2	100	5249.7300000000	0.0004125000
2	220	5249.9442148760	0.0003925000
2	470	5249.9877772748	0.0004410000
2	1000	5249.9973000000	0.0004407000
2	2200	5249.9994421488	0.0003485000
2	4700	5249.9998777728	0.0003559000
2	10000	5249.9999730000	0.0003523000
2	22000	5249.9999944215	0.0004580000
2	47000	5249.9999987777	0.0007560000
2	100000	5249.9999997300	0.0005304000
2	220000	5249.9999999441	0.0006213000
2	470000	5249.9999999877	0.0009722000
2	1000000	5249.9999999974	0.0014386000
2	2200000	5249.9999999995	0.0024865000
2	4700000	5249.9999999997	0.0051375000
2	10000000	5250.0000000000	0.0108410000
2	22000000	5250.0000000002	0.0236461000
2	47000000	5250.0000000007	0.0503578000
2	100000000	5249.9999999998	0.1065796000
2	220000000	5249.9999999993	0.2248459000
2	470000000	5249.9999999983	0.4779937000
2	1000000000	5249.9999999953	1.0266784000
2	2200000000	5249.9999999869	2.2917458000
2	4700000000	5249.9999999627	4.9875063000
2	10000000000	5249.9999998949	10.4168626000
3	1	2550.0000000000	0.0004442000
3	2	4575.0000000000	0.0011299000
3	4	5081.2500000000	0.0006730000
3	7	5194.8979591837	0.0006972000
3	10	5223.0000000000	0.0005573000
3	22	5244.4214876033	0.0005995000
3	47	5248.7777274785	0.0006025000
3	100	5249.7300000000	0.0013838000
3	220	5249.9442148760	0.0005870000
3	470	5249.9877772748	0.0006426000
3	1000	5249.9973000000	0.0006287000
3	2200	5249.9994421488	0.0005488000
3	4700	5249.9998777728	0.0006352000
3	10000	5249.9999730000	0.0007482000
3	22000	5249.9999944215	0.0006934000
3	47000	5249.9999987777	0.0006509000
3	100000	5249.9999997300	0.0007525000
3	220000	5249.9999999441	0.0008426000
3	470000	5249.9999999877	0.0009732000
3	1000000	5249.9999999973	0.0013829000
3	2200000	5249.9999999994	0.0022601000
3	4700000	5249.9999999997	0.0038203000
3	10000000	5249.9999999999	0.0093414000
3	22000000	5249.9999999999	0.0244682000
3	47000000	5250.0000000010	0.0362826000
3	100000000	5250.0000000020	0.0691026000
3	220000000	5250.0000000032	0.1603388000
3	470000000	5250.0000000060	0.3437956000
3	1000000000	5250.0000000198	0.7396741000
3	2200000000	5250.0000000488	1.5921165000
3	4700000000	5250.0000001205	3.4917332000
3	10000000000	5250.0000002980	7.1839436000
4	1	2550.0000000000	0.0006556000
4	2	4575.0000000000	0.0008892000
4	4	5081.2500000000	0.0008810000
4	7	5194.8979591837	0.0010140000
4	10	5223.0000000000	0.0008696000
4	22	5244.4214876033	0.0008753000
4	47	5248.7777274785	0.0008622000
4	100	5249.7300000000	0.0009392000
4	220	5249.9442148760	0.0008896000
4	470	5249.9877772748	0.0008843000
4	1000	5249.9973000000	0.0007721000
4	2200	5249.9994421488	0.0008954000
4	4700	5249.9998777727	0.0008906000
4	10000	5249.9999730000	0.0009514000
4	22000	5249.9999944215	0.0008064000
4	47000	5249.9999987777	0.0008654000
4	100000	5249.9999997300	0.0009105000
4	220000	5249.9999999442	0.0010374000
4	470000	5249.9999999877	0.0013821000
4	1000000	5249.9999999972	0.0013634000
4	2200000	5249.9999999994	0.0021106000
4	4700000	5249.9999999997	0.0030745000
4	10000000	5249.9999999997	0.0066734000
4	22000000	5250.0000000001	0.0159928000
4	47000000	5250.0000000002	0.0292875000
4	100000000	5250.0000000001	0.0638335000
4	220000000	5249.9999999998	0.1364658000
4	470000000	5249.9999999983	0.2737301000
4	1000000000	5249.9999999996	0.5732678000
4	2200000000	5249.9999999984	1.2576337000
4	4700000000	5249.9999999951	2.6636206000
4	10000000000	5249.9999999865	5.6440632000
5	1	2550.0000000000	0.0008360000
5	2	4575.0000000000	0.0009923000
5	4	5081.2500000000	0.0009729000
5	7	5194.8979591837	0.0013699000
5	10	5223.0000000000	0.0011407000
5	22	5244.4214876033	0.0011179000
5	47	5248.7777274785	0.0010948000
5	100	5249.7300000000	0.0010501000
5	220	5249.9442148760	0.0010674000
5	470	5249.9877772748	0.0010521000
5	1000	5249.9973000000	0.0013295000
5	2200	5249.9994421488	0.0010763000
5	4700	5249.9998777727	0.0010829000
5	10000	5249.9999730000	0.0011080000
5	22000	5249.9999944215	0.0010797000
5	47000	5249.9999987777	0.0010450000
5	100000	5249.9999997300	0.0012118000
5	220000	5249.9999999442	0.0012467000
5	470000	5249.9999999878	0.0013423000
5	1000000	5249.9999999973	0.0015713000
5	2200000	5249.9999999994	0.0019832000
5	4700000	5249.9999999997	0.0032108000
5	10000000	5249.9999999998	0.0062145000
5	22000000	5250.0000000001	0.0100915000
5	47000000	5249.9999999999	0.0256879000
5	100000000	5249.9999999989	0.0427588000
5	220000000	5250.0000000004	0.1066592000
5	470000000	5249.9999999986	0.2279994000
5	1000000000	5249.9999999991	0.4752253000
5	2200000000	5249.9999999955	1.0558065000
5	4700000000	5249.9999999866	2.1988109000
5	10000000000	5249.9999999615	4.7612133000
6	1	2550.0000000000	0.0011833000
6	2	4575.0000000000	0.0013786000
6	4	5081.2500000000	0.0011468000
6	7	5194.8979591837	0.0012928000
6	10	5223.0000000000	0.0011265000
6	22	5244.4214876033	0.0012184000
6	47	5248.7777274785	0.0012851000
6	100	5249.7300000000	0.0012875000
6	220	5249.9442148760	0.0014638000
6	470	5249.9877772748	0.0015277000
6	1000	5249.9973000000	0.0014021000
6	2200	5249.9994421488	0.0016877000
6	4700	5249.9998777727	0.0012096000
6	10000	5249.9999730000	0.0012569000
6	22000	5249.9999944215	0.0015134000
6	47000	5249.9999987777	0.0012430000
6	100000	5249.9999997300	0.0013894000
6	220000	5249.9999999442	0.0013270000
6	470000	5249.9999999878	0.0016364000
6	1000000	5249.9999999973	0.0017489000
6	2200000	5249.9999999995	0.0023089000
6	4700000	5249.9999999998	0.0036492000
6	10000000	5249.9999999999	0.0064777000
6	22000000	5250.0000000001	0.0113394000
6	47000000	5249.9999999995	0.0229951000
6	100000000	5249.9999999999	0.0458991000
6	220000000	5250.0000000018	0.0964487000
6	470000000	5250.0000000027	0.2164458000
6	1000000000	5250.0000000081	0.4271130000
6	2200000000	5250.0000000199	0.9393126000
6	4700000000	5250.0000000487	1.9557773000
6	10000000000	5250.0000001203	4.1242681000
7	1	2550.0000000000	0.0012709000
7	2	4575.0000000000	0.0016215999
7	4	5081.2500000000	0.0014469000
7	7	5194.8979591837	0.0015728000
7	10	5223.0000000000	0.0014223000
7	22	5244.4214876033	0.0015636000
7	47	5248.7777274785	0.0015869000
7	100	5249.7300000000	0.0016720000
7	220	5249.9442148760	0.0016874000
7	470	5249.9877772748	0.0018175000
7	1000	5249.9973000000	0.0015857000
7	2200	5249.9994421488	0.0016671999
7	4700	5249.9998777727	0.0016815000
7	10000	5249.9999730000	0.0016582000
7	22000	5249.9999944215	0.0016193000
7	47000	5249.9999987777	0.0015839000
7	100000	5249.9999997300	0.0016563000
7	220000	5249.9999999442	0.0016485000
7	470000	5249.9999999878	0.0019221000
7	1000000	5249.9999999973	0.0020294000
7	2200000	5249.9999999994	0.0024155000
7	4700000	5250.0000000000	0.0034302000
7	10000000	5249.9999999999	0.0057211000
7	22000000	5249.9999999998	0.0106405000
7	47000000	5249.9999999996	0.0211314000
7	100000000	5249.9999999997	0.0420266000
7	220000000	5250.0000000007	0.0971930000
7	470000000	5249.9999999997	0.1788572000
7	1000000000	5250.0000000006	0.3864483000
7	2200000000	5249.9999999997	0.8569156000
7	4700000000	5249.9999999987	1.7530514000
7	10000000000	5249.9999999951	3.8026415000
8	1	2550.0000000000	0.0013094000
8	2	4575.0000000000	0.0021574000
8	4	5081.2500000000	0.0021157000
8	7	5194.8979591837	0.0018198000
8	10	5223.0000000000	0.0018100000
8	22	5244.4214876033	0.0023996000
8	47	5248.7777274785	0.0018259000
8	100	5249.7300000000	0.0020731000
8	220	5249.9442148760	0.0016962000
8	470	5249.9877772748	0.0017412000
8	1000	5249.9973000000	0.0018495000
8	2200	5249.9994421488	0.0018137000
8	4700	5249.9998777727	0.0017737000
8	10000	5249.9999730000	0.0018241000
8	22000	5249.9999944215	0.0016279000
8	47000	5249.9999987777	0.0017147000
8	100000	5249.9999997300	0.0017478000
8	220000	5249.9999999442	0.0017583000
8	470000	5249.9999999878	0.0019148000
8	1000000	5249.9999999973	0.0022341000
8	2200000	5249.9999999995	0.0031192000
8	4700000	5250.0000000000	0.0033379000
8	10000000	5250.0000000001	0.0053230000
8	22000000	5250.0000000000	0.0097944000
8	47000000	5249.9999999998	0.0179092000
8	100000000	5249.9999999998	0.0376594000
8	220000000	5250.0000000006	0.0794949000
8	470000000	5249.9999999995	0.1654929999
8	1000000000	5249.9999999995	0.3435876000
8	2200000000	5249.9999999982	0.7504037000
8	4700000000	5249.9999999957	1.6020033000
8	10000000000	5249.9999999872	3.3444163000
9	1	2550.0000000000	0.0014098000
9	2	4575.0000000000	0.0019781000
9	4	5081.2500000000	0.0017542000
9	7	5194.8979591837	0.0022709999
9	10	5223.0000000000	0.0017231000
9	22	5244.4214876033	0.0017833000
9	47	5248.7777274785	0.0020146000
9	100	5249.7300000000	0.0018772000
9	220	5249.9442148760	0.0018244000
9	470	5249.9877772748	0.0023040000
9	1000	5249.9973000000	0.0019515000
9	2200	5249.9994421488	0.0019673000
9	4700	5249.9998777727	0.0020339999
9	10000	5249.9999730000	0.0017140000
9	22000	5249.9999944215	0.0019479000
9	47000	5249.9999987777	0.0019912000
9	100000	5249.9999997300	0.0018796000
9	220000	5249.9999999442	0.0019421000
9	470000	5249.9999999878	0.0019677000
9	1000000	5249.9999999973	0.0020235000
9	2200000	5249.9999999994	0.0027425000
9	4700000	5250.0000000000	0.0033635000
9	10000000	5250.0000000001	0.0055679000
9	22000000	5249.9999999999	0.0093871000
9	47000000	5250.0000000000	0.0173240000
9	100000000	5250.0000000000	0.0351511000
9	220000000	5250.0000000004	0.0735305000
9	470000000	5250.0000000007	0.1571817000
9	1000000000	5250.0000000033	0.3168025000
9	2200000000	5250.0000000080	0.6846792000
9	4700000000	5250.0000000198	1.5010503000
9	10000000000	5250.0000000359	3.1079616000
10	1	2550.0000000000	0.0020517000
10	2	4575.0000000000	0.0023197000
10	4	5081.2500000000	0.0024032000
10	7	5194.8979591837	0.0021846000
10	10	5223.0000000000	0.0021019000
10	22	5244.4214876033	0.0019667000
10	47	5248.7777274785	0.0019530000
10	100	5249.7300000000	0.0018934000
10	220	5249.9442148760	0.0021004000
10	470	5249.9877772748	0.0220105000
10	1000	5249.9973000000	0.0024558000
10	2200	5249.9994421488	0.0018432000
10	4700	5249.9998777727	0.0029295000
10	10000	5249.9999730000	0.0021765000
10	22000	5249.9999944215	0.0020042000
10	47000	5249.9999987777	0.0024657000
10	100000	5249.9999997300	0.0021680000
10	220000	5249.9999999442	0.0019755000
10	470000	5249.9999999878	0.0022592000
10	1000000	5249.9999999973	0.0022452000
10	2200000	5249.9999999994	0.0026672000
10	4700000	5250.0000000000	0.0033381000
10	10000000	5250.0000000001	0.0055480000
10	22000000	5250.0000000000	0.0089504000
10	47000000	5249.9999999999	0.0163476000
10	100000000	5249.9999999997	0.0317561000
10	220000000	5250.0000000001	0.0670238000
10	470000000	5249.9999999996	0.1383771000
10	1000000000	5250.0000000003	0.2993573000
10	2200000000	5250.0000000001	0.6407763000
10	4700000000	5249.9999999969	1.3912204000
10	10000000000	5249.9999999945	2.8697261000
11	1	2550.0000000000	0.0018304000
11	2	4575.0000000000	0.0026496000
11	4	5081.2500000000	0.0023468000
11	7	5194.8979591837	0.0022635000
11	10	5223.0000000000	0.0023276000
11	22	5244.4214876033	0.0022452000
11	47	5248.7777274785	0.0022400000
11	100	5249.7300000000	0.0021098000
11	220	5249.9442148760	0.0021089000
11	470	5249.9877772748	0.0022191000
11	1000	5249.9973000000	0.0024671000
11	2200	5249.9994421488	0.0022309000
11	4700	5249.9998777727	0.0023092000
11	10000	5249.9999730000	0.0022487000
11	22000	5249.9999944215	0.0021406000
11	47000	5249.9999987777	0.0021405000
11	100000	5249.9999997300	0.0024027000
11	220000	5249.9999999442	0.0023789000
11	470000	5249.9999999878	0.0026478000
11	1000000	5249.9999999973	0.0028394000
11	2200000	5249.9999999994	0.0031827000
11	4700000	5249.9999999999	0.0042418000
11	10000000	5250.0000000001	0.0061502000
11	22000000	5250.0000000000	0.0099256000
11	47000000	5249.9999999999	0.0168347000
11	100000000	5249.9999999997	0.0326683000
11	220000000	5250.0000000000	0.0691290000
11	470000000	5249.9999999998	0.1460081000
11	1000000000	5250.0000000000	0.3016811000
11	2200000000	5249.9999999993	0.6618034000
11	4700000000	5249.9999999946	1.3508960000
11	10000000000	5249.9999999771	3.0009742000
12	1	2550.0000000000	0.0019738000
12	2	4575.0000000000	0.0029501000
12	4	5081.2500000000	0.0022523000
12	7	5194.8979591837	0.0023462000
12	10	5223.0000000000	0.0024639000
12	22	5244.4214876033	0.0027291000
12	47	5248.7777274785	0.0024178000
12	100	5249.7300000000	0.0024998000
12	220	5249.9442148760	0.0024636000
12	470	5249.9877772748	0.0024688000
12	1000	5249.9973000000	0.0022925000
12	2200	5249.9994421488	0.0030769000
12	4700	5249.9998777727	0.0025264000
12	10000	5249.9999730000	0.0024699000
12	22000	5249.9999944215	0.0023509000
12	47000	5249.9999987777	0.0024151000
12	100000	5249.9999997300	0.0026240000
12	220000	5249.9999999442	0.0025186000
12	470000	5249.9999999878	0.0025988000
12	1000000	5249.9999999973	0.0031787000
12	2200000	5249.9999999995	0.0035486000
12	4700000	5250.0000000000	0.0045014000
12	10000000	5250.0000000001	0.0066725001
12	22000000	5250.0000000001	0.0104407000
12	47000000	5249.9999999999	0.0227145000
12	100000000	5249.9999999999	0.0439069000
12	220000000	5250.0000000008	0.0803266000
12	470000000	5250.0000000014	0.1581206000
12	1000000000	5250.0000000031	0.3245548000
12	2200000000	5250.0000000079	0.6424935000
12	4700000000	5250.0000000198	1.4884260000
12	10000000000	5250.0000000487	3.1191885000
1	1	2550.0000000000	0.0000066000
1	2	4575.0000000000	0.0000034000
1	4	5081.2500000000	0.0000036000
1	7	5194.8979591837	0.0000068000
1	10	5223.0000000000	0.0000054000
1	22	5244.4214876033	0.0000041000
1	47	5248.7777274785	0.0000057000
1	100	5249.7300000000	0.0000051000
1	220	5249.9442148760	0.0000052000
1	470	5249.9877772748	0.0000052000
1	1000	5249.9973000000	0.0000059000
1	2200	5249.9994421488	0.0000082000
1	4700	5249.9998777728	0.0000132000
1	10000	5249.9999730000	0.0000237000
1	22000	5249.9999944215	0.0000476000
1	47000	5249.9999987777	0.0000987000
1	100000	5249.9999997299	0.0002432000
1	220000	5249.9999999442	0.0004752000
1	470000	5249.9999999877	0.0009545000
1	1000000	5249.9999999975	0.0020180000
1	2200000	5249.9999999997	0.0047856000
1	4700000	5249.9999999993	0.0094992000
1	10000000	5250.0000000004	0.0202776000
1	22000000	5250.0000000003	0.0446548000
1	47000000	5250.0000000014	0.0950093000
1	100000000	5249.9999999997	0.2042522000
1	220000000	5249.9999999990	0.4488133000
1	470000000	5249.9999999987	0.9904727000
1	1000000000	5249.9999999958	2.1128075000
1	2200000000	5249.9999999861	4.5408634000
1	4700000000	5249.9999999630	9.5832353000
1	10000000000	5249.9999998957	20.4461716000
2	1	2550.0000000000	0.0009892000
2	2	4575.0000000000	0.0004974000
2	4	5081.2500000000	0.0003295999
2	7	5194.8979591837	0.0003816000
2	10	5223.0000000000	0.0003872000
2	22	5244.4214876033	0.0004377000
2	47	5248.7777274785	0.0003889000
2	100	5249.7300000000	0.0004348000
2	220	5249.9442148760	0.0003682000
2	470	5249.9877772748	0.0004710000
2	1000	5249.9973000000	0.0004351000
2	2200	5249.9994421488	0.0004578000
2	4700	5249.9998777728	0.0003987000
2	10000	5249.9999730000	0.0005254000
2	22000	5249.9999944215	0.0005065000
2	47000	5249.9999987777	0.0003782000
2	100000	5249.9999997300	0.0004550000
2	220000	5249.9999999441	0.0007176000
2	470000	5249.9999999877	0.0008354000
2	1000000	5249.9999999974	0.0014724000
2	2200000	5249.9999999995	0.0027126000
2	4700000	5249.9999999997	0.0052592000
2	10000000	5250.0000000000	0.0107724000
2	22000000	5250.0000000002	0.0230294000
2	47000000	5250.0000000007	0.0477836001
2	100000000	5249.9999999998	0.1097672000
2	220000000	5249.9999999993	0.2309731000
2	470000000	5249.9999999983	0.4816497000
2	1000000000	5249.9999999953	1.0618037000
2	2200000000	5249.9999999869	2.3114058000
2	4700000000	5249.9999999627	4.9848636000
2	10000000000	5249.9999998949	10.6621836000
3	1	2550.0000000000	0.0005316000
3	2	4575.0000000000	0.0005503000
3	4	5081.2500000000	0.0008442000
3	7	5194.8979591837	0.0005953000
3	10	5223.0000000000	0.0006654000
3	22	5244.4214876033	0.0005836000
3	47	5248.7777274785	0.0006638000
3	100	5249.7300000000	0.0005781000
3	220	5249.9442148760	0.0005420000
3	470	5249.9877772748	0.0006429000
3	1000	5249.9973000000	0.0005664999
3	2200	5249.9994421488	0.0006257000
3	4700	5249.9998777728	0.0006319000
3	10000	5249.9999730000	0.0006725000
3	22000	5249.9999944215	0.0007646000
3	47000	5249.9999987777	0.0006474000
3	100000	5249.9999997300	0.0007210000
3	220000	5249.9999999441	0.0009809000
3	470000	5249.9999999877	0.0010444000
3	1000000	5249.9999999973	0.0013201000
3	2200000	5249.9999999994	0.0022216000
3	4700000	5249.9999999997	0.0038630000
3	10000000	5249.9999999999	0.0072963000
3	22000000	5249.9999999999	0.0211389000
3	47000000	5250.0000000010	0.0334987000
3	100000000	5250.0000000020	0.0725948000
3	220000000	5250.0000000032	0.1696643000
3	470000000	5250.0000000060	0.3449776000
3	1000000000	5250.0000000198	0.7328085000
3	2200000000	5250.0000000488	1.5773602000
3	4700000000	5250.0000001205	3.4164624000
3	10000000000	5250.0000002980	7.2082653000
4	1	2550.0000000000	0.0007351000
4	2	4575.0000000000	0.0009304000
4	4	5081.2500000000	0.0010468000
4	7	5194.8979591837	0.0008211000
4	10	5223.0000000000	0.0009003000
4	22	5244.4214876033	0.0008046000
4	47	5248.7777274785	0.0008418000
4	100	5249.7300000000	0.0018858000
4	220	5249.9442148760	0.0008259000
4	470	5249.9877772748	0.0009193000
4	1000	5249.9973000000	0.0009312000
4	2200	5249.9994421488	0.0007609000
4	4700	5249.9998777727	0.0009340000
4	10000	5249.9999730000	0.0008737000
4	22000	5249.9999944215	0.0008653000
4	47000	5249.9999987777	0.0008592000
4	100000	5249.9999997300	0.0008952000
4	220000	5249.9999999442	0.0010190000
4	470000	5249.9999999877	0.0009839000
4	1000000	5249.9999999972	0.0017640000
4	2200000	5249.9999999994	0.0026399000
4	4700000	5249.9999999997	0.0041527000
4	10000000	5249.9999999997	0.0065267000
4	22000000	5250.0000000001	0.0122900000
4	47000000	5250.0000000002	0.0255836000
4	100000000	5250.0000000001	0.0645174000
4	220000000	5249.9999999998	0.1280143000
4	470000000	5249.9999999983	0.2687032000
4	1000000000	5249.9999999996	0.5775803000
4	2200000000	5249.9999999984	1.2484565000
4	4700000000	5249.9999999951	2.6973638000
4	10000000000	5249.9999999865	5.6755473000
5	1	2550.0000000000	0.0010887000
5	2	4575.0000000000	0.0011450000
5	4	5081.2500000000	0.0010600000
5	7	5194.8979591837	0.0010564000
5	10	5223.0000000000	0.0012749000
5	22	5244.4214876033	0.0012116000
5	47	5248.7777274785	0.0015532000
5	100	5249.7300000000	0.0011347000
5	220	5249.9442148760	0.0013549000
5	470	5249.9877772748	0.0011892000
5	1000	5249.9973000000	0.0017726000
5	2200	5249.9994421488	0.0011509000
5	4700	5249.9998777727	0.0011836000
5	10000	5249.9999730000	0.0008738000
5	22000	5249.9999944215	0.0012011000
5	47000	5249.9999987777	0.0012398000
5	100000	5249.9999997300	0.0013142000
5	220000	5249.9999999442	0.0012634000
5	470000	5249.9999999878	0.0014607000
5	1000000	5249.9999999973	0.0019240000
5	2200000	5249.9999999994	0.0022098999
5	4700000	5249.9999999997	0.0030047000
5	10000000	5249.9999999998	0.0062461000
5	22000000	5250.0000000001	0.0113127000
5	47000000	5249.9999999999	0.0270379000
5	100000000	5249.9999999989	0.0515301000
5	220000000	5250.0000000004	0.1067381000
5	470000000	5249.9999999986	0.2229218000
5	1000000000	5249.9999999991	0.5003549000
5	2200000000	5249.9999999955	1.0578135000
5	4700000000	5249.9999999866	2.2206974000
5	10000000000	5249.9999999615	4.7044599000
6	1	2550.0000000000	0.0010411000
6	2	4575.0000000000	0.0011717000
6	4	5081.2500000000	0.0011734000
6	7	5194.8979591837	0.0013199000
6	10	5223.0000000000	0.0012078000
6	22	5244.4214876033	0.0012209000
6	47	5248.7777274785	0.0012764000
6	100	5249.7300000000	0.0012047000
6	220	5249.9442148760	0.0012455000
6	470	5249.9877772748	0.0014785000
6	1000	5249.9973000000	0.0014039000
6	2200	5249.9994421488	0.0012625000
6	4700	5249.9998777727	0.0012367000
6	10000	5249.9999730000	0.0012343000
6	22000	5249.9999944215	0.0014379000
6	47000	5249.9999987777	0.0014074999
6	100000	5249.9999997300	0.0014948000
6	220000	5249.9999999442	0.0014667000
6	470000	5249.9999999878	0.0015386000
6	1000000	5249.9999999973	0.0018374000
6	2200000	5249.9999999995	0.0022220000
6	4700000	5249.9999999998	0.0036074000
6	10000000	5249.9999999999	0.0063187000
6	22000000	5250.0000000001	0.0115828000
6	47000000	5249.9999999995	0.0230539000
6	100000000	5249.9999999999	0.0466466000
6	220000000	5250.0000000018	0.1067314000
6	470000000	5250.0000000027	0.2038125000
6	1000000000	5250.0000000081	0.4218004000
6	2200000000	5250.0000000199	0.9099298000
6	4700000000	5250.0000000487	1.9447638000
6	10000000000	5250.0000001203	4.1473394000
7	1	2550.0000000000	0.0017414000
7	2	4575.0000000000	0.0020794000
7	4	5081.2500000000	0.0015352000
7	7	5194.8979591837	0.0017452000
7	10	5223.0000000000	0.0016272000
7	22	5244.4214876033	0.0016852000
7	47	5248.7777274785	0.0015713000
7	100	5249.7300000000	0.0017106000
7	220	5249.9442148760	0.0016199000
7	470	5249.9877772748	0.0015876000
7	1000	5249.9973000000	0.0014822000
7	2200	5249.9994421488	0.0016723000
7	4700	5249.9998777727	0.0015619000
7	10000	5249.9999730000	0.0016445000
7	22000	5249.9999944215	0.0016306000
7	47000	5249.9999987777	0.0014838000
7	100000	5249.9999997300	0.0015347000
7	220000	5249.9999999442	0.0015535000
7	470000	5249.9999999878	0.0017268000
7	1000000	5249.9999999973	0.0018685000
7	2200000	5249.9999999994	0.0024473000
7	4700000	5250.0000000000	0.0033770000
7	10000000	5249.9999999999	0.0056602000
7	22000000	5249.9999999998	0.0107621000
7	47000000	5249.9999999996	0.0216643000
7	100000000	5249.9999999997	0.0408893000
7	220000000	5250.0000000007	0.0833421000
7	470000000	5249.9999999997	0.1800782000
7	1000000000	5250.0000000006	0.3749569000
7	2200000000	5249.9999999997	0.8464640000
7	4700000000	5249.9999999987	1.7838785000
7	10000000000	5249.9999999951	3.6877798000
8	1	2550.0000000000	0.0015892000
8	2	4575.0000000000	0.0017739000
8	4	5081.2500000000	0.0021773000
8	7	5194.8979591837	0.0017630000
8	10	5223.0000000000	0.0018268000
8	22	5244.4214876033	0.0020122000
8	47	5248.7777274785	0.0018901000
8	100	5249.7300000000	0.0018979000
8	220	5249.9442148760	0.0019094000
8	470	5249.9877772748	0.0018078000
8	1000	5249.9973000000	0.0018167000
8	2200	5249.9994421488	0.0017596000
8	4700	5249.9998777727	0.0016926000
8	10000	5249.9999730000	0.0017538000
8	22000	5249.9999944215	0.0015845000
8	47000	5249.9999987777	0.0016775000
8	100000	5249.9999997300	0.0018882000
8	220000	5249.9999999442	0.0019876000
8	470000	5249.9999999878	0.0017736000
8	1000000	5249.9999999973	0.0020172001
8	2200000	5249.9999999995	0.0025040000
8	4700000	5250.0000000000	0.0034571000
8	10000000	5250.0000000001	0.0055318000
8	22000000	5250.0000000000	0.0100904000
8	47000000	5249.9999999998	0.0186155000
8	100000000	5249.9999999998	0.0365973000
8	220000000	5250.0000000006	0.0773085000
8	470000000	5249.9999999995	0.1678700000
8	1000000000	5249.9999999995	0.3462704000
8	2200000000	5249.9999999982	0.7431027000
8	4700000000	5249.9999999957	1.6270359000
8	10000000000	5249.9999999872	3.3704316000
9	1	2550.0000000000	0.0016371000
9	2	4575.0000000000	0.0019993000
9	4	5081.2500000000	0.0019549000
9	7	5194.8979591837	0.0019663000
9	10	5223.0000000000	0.0021139000
9	22	5244.4214876033	0.0019067000
9	47	5248.7777274785	0.0016930000
9	100	5249.7300000000	0.0018810000
9	220	5249.9442148760	0.0018435000
9	470	5249.9877772748	0.0018258000
9	1000	5249.9973000000	0.0017491000
9	2200	5249.9994421488	0.0018646000
9	4700	5249.9998777727	0.0019009000
9	10000	5249.9999730000	0.0018103000
9	22000	5249.9999944215	0.0019572000
9	47000	5249.9999987777	0.0018884000
9	100000	5249.9999997300	0.0019103000
9	220000	5249.9999999442	0.0021995000
9	470000	5249.9999999878	0.0018711000
9	1000000	5249.9999999973	0.0023708000
9	2200000	5249.9999999994	0.0028988000
9	4700000	5250.0000000000	0.0035736000
9	10000000	5250.0000000001	0.0057094001
9	22000000	5249.9999999999	0.0090439000
9	47000000	5250.0000000000	0.0181205000
9	100000000	5250.0000000000	0.0345638000
9	220000000	5250.0000000004	0.0721364000
9	470000000	5250.0000000007	0.1509601000
9	1000000000	5250.0000000033	0.3117598000
9	2200000000	5250.0000000080	0.6898259000
9	4700000000	5250.0000000198	1.4500339000
9	10000000000	5250.0000000359	3.2256934000
10	1	2550.0000000000	0.0022340000
10	2	4575.0000000000	0.0021446000
10	4	5081.2500000000	0.0019366000
10	7	5194.8979591837	0.0026079000
10	10	5223.0000000000	0.0119728000
10	22	5244.4214876033	0.0021957000
10	47	5248.7777274785	0.0021927000
10	100	5249.7300000000	0.0020124000
10	220	5249.9442148760	0.0022580000
10	470	5249.9877772748	0.0020610000
10	1000	5249.9973000000	0.0021766000
10	2200	5249.9994421488	0.0020363000
10	4700	5249.9998777727	0.0020132000
10	10000	5249.9999730000	0.0021901000
10	22000	5249.9999944215	0.0021962000
10	47000	5249.9999987777	0.0021196000
10	100000	5249.9999997300	0.0021000000
10	220000	5249.9999999442	0.0025079000
10	470000	5249.9999999878	0.0019850000
10	1000000	5249.9999999973	0.0027253000
10	2200000	5249.9999999994	0.0036462000
10	4700000	5250.0000000000	0.0045582000
10	10000000	5250.0000000001	0.0073863000
10	22000000	5250.0000000000	0.0101696000
10	47000000	5249.9999999999	0.0172066000
10	100000000	5249.9999999997	0.0315616000
10	220000000	5250.0000000001	0.0670621000
10	470000000	5249.9999999996	0.1404352000
10	1000000000	5250.0000000003	0.3039114000
10	2200000000	5250.0000000001	0.6905552000
10	4700000000	5249.9999999969	1.4101338000
10	10000000000	5249.9999999945	2.9106470000
11	1	2550.0000000000	0.0022749000
11	2	4575.0000000000	0.0023857000
11	4	5081.2500000000	0.0026369000
11	7	5194.8979591837	0.0021190000
11	10	5223.0000000000	0.0024584000
11	22	5244.4214876033	0.0026067000
11	47	5248.7777274785	0.0021326000
11	100	5249.7300000000	0.0025860000
11	220	5249.9442148760	0.0022385000
11	470	5249.9877772748	0.0022855000
11	1000	5249.9973000000	0.0023213000
11	2200	5249.9994421488	0.0021216000
11	4700	5249.9998777727	0.0025164000
11	10000	5249.9999730000	0.0020822000
11	22000	5249.9999944215	0.0022021000
11	47000	5249.9999987777	0.0023907000
11	100000	5249.9999997300	0.0022617000
11	220000	5249.9999999442	0.0021895000
11	470000	5249.9999999878	0.0025010000
11	1000000	5249.9999999973	0.0027303000
11	2200000	5249.9999999994	0.0027499000
11	4700000	5249.9999999999	0.0047299000
11	10000000	5250.0000000001	0.0059957000
11	22000000	5250.0000000000	0.0114548000
11	47000000	5249.9999999999	0.0194042000
11	100000000	5249.9999999997	0.0350777000
11	220000000	5250.0000000000	0.0776715000
11	470000000	5249.9999999998	0.1544472000
11	1000000000	5250.0000000000	0.3151674000
11	2200000000	5249.9999999993	0.7009362000
11	4700000000	5249.9999999946	1.3793990000
11	10000000000	5249.9999999771	2.8860445000
12	1	2550.0000000000	0.0020462000
12	2	4575.0000000000	0.0024651000
12	4	5081.2500000000	0.0022770000
12	7	5194.8979591837	0.0023760000
12	10	5223.0000000000	0.0024630000
12	22	5244.4214876033	0.0023101000
12	47	5248.7777274785	0.0029266000
12	100	5249.7300000000	0.0022526000
12	220	5249.9442148760	0.0023494000
12	470	5249.9877772748	0.0024726000
12	1000	5249.9973000000	0.0024373000
12	2200	5249.9994421488	0.0025083000
12	4700	5249.9998777727	0.0024642000
12	10000	5249.9999730000	0.0025691000
12	22000	5249.9999944215	0.0024031000
12	47000	5249.9999987777	0.0025929000
12	100000	5249.9999997300	0.0023928000
12	220000	5249.9999999442	0.0023790000
12	470000	5249.9999999878	0.0024894000
12	1000000	5249.9999999973	0.0027845000
12	2200000	5249.9999999995	0.0033818000
12	4700000	5250.0000000000	0.0044491000
12	10000000	5250.0000000001	0.0070270000
12	22000000	5250.0000000001	0.0120745000
12	47000000	5249.9999999999	0.0200774000
12	100000000	5249.9999999999	0.0454714000
12	220000000	5250.0000000008	0.0793868000
12	470000000	5250.0000000014	0.1555174000
12	1000000000	5250.0000000031	0.3091227000
12	2200000000	5250.0000000079	0.6739393000
12	4700000000	5250.0000000198	1.3488610000
12	10000000000	5250.0000000487	2.9366227000
1	1	2550.0000000000	0.0000043000
1	2	4575.0000000000	0.0000033000
1	4	5081.2500000000	0.0000035000
1	7	5194.8979591837	0.0000035000
1	10	5223.0000000000	0.0000034000
1	22	5244.4214876033	0.0000035000
1	47	5248.7777274785	0.0000039000
1	100	5249.7300000000	0.0000042000
1	220	5249.9442148760	0.0000071000
1	470	5249.9877772748	0.0000053000
1	1000	5249.9973000000	0.0000056000
1	2200	5249.9994421488	0.0000077000
1	4700	5249.9998777728	0.0000129000
1	10000	5249.9999730000	0.0000235000
1	22000	5249.9999944215	0.0000474000
1	47000	5249.9999987777	0.0001062000
1	100000	5249.9999997299	0.0002044000
1	220000	5249.9999999442	0.0004497000
1	470000	5249.9999999877	0.0009479000
1	1000000	5249.9999999975	0.0020826000
1	2200000	5249.9999999997	0.0044454000
1	4700000	5249.9999999993	0.0096118000
1	10000000	5250.0000000004	0.0201895999
1	22000000	5250.0000000003	0.0446298000
1	47000000	5250.0000000014	0.0968709000
1	100000000	5249.9999999997	0.2044369000
1	220000000	5249.9999999990	0.4481415000
1	470000000	5249.9999999987	0.9535621000
1	1000000000	5249.9999999958	2.0355270000
1	2200000000	5249.9999999861	4.4750157000
1	4700000000	5249.9999999630	9.5503916000
1	10000000000	5249.9999998957	20.2794350000
2	1	2550.0000000000	0.0004241000
2	2	4575.0000000000	0.0003357000
2	4	5081.2500000000	0.0008124000
2	7	5194.8979591837	0.0004565000
2	10	5223.0000000000	0.0004140000
2	22	5244.4214876033	0.0003628000
2	47	5248.7777274785	0.0003334000
2	100	5249.7300000000	0.0004197001
2	220	5249.9442148760	0.0006840000
2	470	5249.9877772748	0.0004238000
2	1000	5249.9973000000	0.0004210000
2	2200	5249.9994421488	0.0003290000
2	4700	5249.9998777728	0.0004344000
2	10000	5249.9999730000	0.0003499000
2	22000	5249.9999944215	0.0006127000
2	47000	5249.9999987777	0.0004711000
2	100000	5249.9999997300	0.0010032000
2	220000	5249.9999999441	0.0006535000
2	470000	5249.9999999877	0.0008900000
2	1000000	5249.9999999974	0.0015223000
2	2200000	5249.9999999995	0.0027400000
2	4700000	5249.9999999997	0.0052702000
2	10000000	5250.0000000000	0.0105585000
2	22000000	5250.0000000002	0.0227109000
2	47000000	5250.0000000007	0.0533984000
2	100000000	5249.9999999998	0.1009942000
2	220000000	5249.9999999993	0.2326520000
2	470000000	5249.9999999983	0.4987657000
2	1000000000	5249.9999999953	1.0334810000
2	2200000000	5249.9999999869	2.3506082000
2	4700000000	5249.9999999627	4.9474357000
2	10000000000	5249.9999998949	10.5350482000
3	1	2550.0000000000	0.0009609000
3	2	4575.0000000000	0.0007422000
3	4	5081.2500000000	0.0006368000
3	7	5194.8979591837	0.0006882000
3	10	5223.0000000000	0.0006552000
3	22	5244.4214876033	0.0005630000
3	47	5248.7777274785	0.0006045000
3	100	5249.7300000000	0.0006649000
3	220	5249.9442148760	0.0006201000
3	470	5249.9877772748	0.0006912000
3	1000	5249.9973000000	0.0006635000
3	2200	5249.9994421488	0.0005944000
3	4700	5249.9998777728	0.0007071000
3	10000	5249.9999730000	0.0005491000
3	22000	5249.9999944215	0.0005910000
3	47000	5249.9999987777	0.0006726000
3	100000	5249.9999997300	0.0006411000
3	220000	5249.9999999441	0.0007745000
3	470000	5249.9999999877	0.0010717000
3	1000000	5249.9999999973	0.0014058000
3	2200000	5249.9999999994	0.0024966000
3	4700000	5249.9999999997	0.0038925000
3	10000000	5249.9999999999	0.0072070000
3	22000000	5249.9999999999	0.0192307000
3	47000000	5250.0000000010	0.0361739000
3	100000000	5250.0000000020	0.0698712000
3	220000000	5250.0000000032	0.1548697000
3	470000000	5250.0000000060	0.3483719000
3	1000000000	5250.0000000198	0.7139269000
3	2200000000	5250.0000000488	1.5995329000
3	4700000000	5250.0000001205	3.3728743000
3	10000000000	5250.0000002980	7.1855683000
4	1	2550.0000000000	0.0006717000
4	2	4575.0000000000	0.0008449000
4	4	5081.2500000000	0.0009254999
4	7	5194.8979591837	0.0008052000
4	10	5223.0000000000	0.0008042000
4	22	5244.4214876033	0.0013438000
4	47	5248.7777274785	0.0008030000
4	100	5249.7300000000	0.0009466000
4	220	5249.9442148760	0.0008361000
4	470	5249.9877772748	0.0010349000
4	1000	5249.9973000000	0.0008165000
4	2200	5249.9994421488	0.0007966000
4	4700	5249.9998777727	0.0008196000
4	10000	5249.9999730000	0.0007727000
4	22000	5249.9999944215	0.0008165000
4	47000	5249.9999987777	0.0007000000
4	100000	5249.9999997300	0.0009668000
4	220000	5249.9999999442	0.0009416000
4	470000	5249.9999999877	0.0011906000
4	1000000	5249.9999999972	0.0013427000
4	2200000	5249.9999999994	0.0024179000
4	4700000	5249.9999999997	0.0041605000
4	10000000	5249.9999999997	0.0085997000
4	22000000	5250.0000000001	0.0145324000
4	47000000	5250.0000000002	0.0318116000
4	100000000	5250.0000000001	0.0596822000
4	220000000	5249.9999999998	0.1292104000
4	470000000	5249.9999999983	0.2780433000
4	1000000000	5249.9999999996	0.5773935000
4	2200000000	5249.9999999984	1.2571419000
4	4700000000	5249.9999999951	2.6806616000
4	10000000000	5249.9999999865	5.6325807000
5	1	2550.0000000000	0.0011677000
5	2	4575.0000000000	0.0011359000
5	4	5081.2500000000	0.0010540000
5	7	5194.8979591837	0.0008134000
5	10	5223.0000000000	0.0006954000
5	22	5244.4214876033	0.0010644000
5	47	5248.7777274785	0.0009827000
5	100	5249.7300000000	0.0010883000
5	220	5249.9442148760	0.0010620000
5	470	5249.9877772748	0.0010538000
5	1000	5249.9973000000	0.0011293000
5	2200	5249.9994421488	0.0010841000
5	4700	5249.9998777727	0.0009791000
5	10000	5249.9999730000	0.0011018000
5	22000	5249.9999944215	0.0018293000
5	47000	5249.9999987777	0.0013461000
5	100000	5249.9999997300	0.0011789000
5	220000	5249.9999999442	0.0013060000
5	470000	5249.9999999878	0.0014313000
5	1000000	5249.9999999973	0.0105894000
5	2200000	5249.9999999994	0.0019839000
5	4700000	5249.9999999997	0.0037660000
5	10000000	5249.9999999998	0.0053270000
5	22000000	5250.0000000001	0.0108245000
5	47000000	5249.9999999999	0.0246519000
5	100000000	5249.9999999989	0.0550403000
5	220000000	5250.0000000004	0.1199683000
5	470000000	5249.9999999986	0.2374374000
5	1000000000	5249.9999999991	0.4761262000
5	2200000000	5249.9999999955	1.0325350000
5	4700000000	5249.9999999866	2.2636073000
5	10000000000	5249.9999999615	4.6998484000
6	1	2550.0000000000	0.0009688000
6	2	4575.0000000000	0.0012254000
6	4	5081.2500000000	0.0012559000
6	7	5194.8979591837	0.0011979000
6	10	5223.0000000000	0.0013345000
6	22	5244.4214876033	0.0015040000
6	47	5248.7777274785	0.0014986000
6	100	5249.7300000000	0.0012612000
6	220	5249.9442148760	0.0012492000
6	470	5249.9877772748	0.0012823000
6	1000	5249.9973000000	0.0015097000
6	2200	5249.9994421488	0.0013986000
6	4700	5249.9998777727	0.0012884000
6	10000	5249.9999730000	0.0014535000
6	22000	5249.9999944215	0.0012522000
6	47000	5249.9999987777	0.0016674000
6	100000	5249.9999997300	0.0014102000
6	220000	5249.9999999442	0.0015191000
6	470000	5249.9999999878	0.0016314000
6	1000000	5249.9999999973	0.0019200000
6	2200000	5249.9999999995	0.0024269000
6	4700000	5249.9999999998	0.0036090000
6	10000000	5249.9999999999	0.0063647000
6	22000000	5250.0000000001	0.0122202000
6	47000000	5249.9999999995	0.0246690999
6	100000000	5249.9999999999	0.0449159000
6	220000000	5250.0000000018	0.1128226000
6	470000000	5250.0000000027	0.2118382000
6	1000000000	5250.0000000081	0.4266772000
6	2200000000	5250.0000000199	0.9326953000
6	4700000000	5250.0000000487	1.9614056000
6	10000000000	5250.0000001203	4.1971056000
7	1	2550.0000000000	0.0013834000
7	2	4575.0000000000	0.0016579000
7	4	5081.2500000000	0.0020295000
7	7	5194.8979591837	0.0018049000
7	10	5223.0000000000	0.0019197000
7	22	5244.4214876033	0.0017582000
7	47	5248.7777274785	0.0016725000
7	100	5249.7300000000	0.0017475000
7	220	5249.9442148760	0.0017556000
7	470	5249.9877772748	0.0013115000
7	1000	5249.9973000000	0.0017821999
7	2200	5249.9994421488	0.0017106000
7	4700	5249.9998777727	0.0017788000
7	10000	5249.9999730000	0.0013912000
7	22000	5249.9999944215	0.0015017000
7	47000	5249.9999987777	0.0014584000
7	100000	5249.9999997300	0.0016181000
7	220000	5249.9999999442	0.0014237000
7	470000	5249.9999999878	0.0019073000
7	1000000	5249.9999999973	0.0016759000
7	2200000	5249.9999999994	0.0024932000
7	4700000	5250.0000000000	0.0035431000
7	10000000	5249.9999999999	0.0058312000
7	22000000	5249.9999999998	0.0111565000
7	47000000	5249.9999999996	0.0200543000
7	100000000	5249.9999999997	0.0413160000
7	220000000	5250.0000000007	0.0858805000
7	470000000	5249.9999999997	0.1834179000
7	1000000000	5250.0000000006	0.3814542000
7	2200000000	5249.9999999997	0.8372893000
7	4700000000	5249.9999999987	1.7538044000
7	10000000000	5249.9999999951	3.7102522000
8	1	2550.0000000000	0.0029132999
8	2	4575.0000000000	0.0015686000
8	4	5081.2500000000	0.0018158000
8	7	5194.8979591837	0.0020306000
8	10	5223.0000000000	0.0016783000
8	22	5244.4214876033	0.0021516000
8	47	5248.7777274785	0.0019480000
8	100	5249.7300000000	0.0016627000
8	220	5249.9442148760	0.0018844000
8	470	5249.9877772748	0.0018886000
8	1000	5249.9973000000	0.0014824001
8	2200	5249.9994421488	0.0018013000
8	4700	5249.9998777727	0.0017922000
8	10000	5249.9999730000	0.0017350000
8	22000	5249.9999944215	0.0022873000
8	47000	5249.9999987777	0.0017783000
8	100000	5249.9999997300	0.0018285000
8	220000	5249.9999999442	0.0018854000
8	470000	5249.9999999878	0.0019282000
8	1000000	5249.9999999973	0.0021892000
8	2200000	5249.9999999995	0.0028314000
8	4700000	5250.0000000000	0.0038658000
8	10000000	5250.0000000001	0.0056828000
8	22000000	5250.0000000000	0.0099381000
8	47000000	5249.9999999998	0.0228028000
8	100000000	5249.9999999998	0.0378455000
8	220000000	5250.0000000006	0.0868451000
8	470000000	5249.9999999995	0.1646420000
8	1000000000	5249.9999999995	0.3637867000
8	2200000000	5249.9999999982	0.7607565999
8	4700000000	5249.9999999957	1.6050183999
8	10000000000	5249.9999999872	3.4063836000
9	1	2550.0000000000	0.0020166000
9	2	4575.0000000000	0.0017315000
9	4	5081.2500000000	0.0025726000
9	7	5194.8979591837	0.0023158000
9	10	5223.0000000000	0.0021258000
9	22	5244.4214876033	0.0021910000
9	47	5248.7777274785	0.0023388000
9	100	5249.7300000000	0.0021265000
9	220	5249.9442148760	0.0022001000
9	470	5249.9877772748	0.0021111000
9	1000	5249.9973000000	0.0025851000
9	2200	5249.9994421488	0.0023792000
9	4700	5249.9998777727	0.0021240000
9	10000	5249.9999730000	0.0025024000
9	22000	5249.9999944215	0.0022635000
9	47000	5249.9999987777	0.0019773000
9	100000	5249.9999997300	0.0024950000
9	220000	5249.9999999442	0.0022383000
9	470000	5249.9999999878	0.0022310000
9	1000000	5249.9999999973	0.0024784000
9	2200000	5249.9999999994	0.0033368000
9	4700000	5250.0000000000	0.0037410000
9	10000000	5250.0000000001	0.0060201000
9	22000000	5249.9999999999	0.0096231000
9	47000000	5250.0000000000	0.0178075000
9	100000000	5250.0000000000	0.0346698000
9	220000000	5250.0000000004	0.0735081000
9	470000000	5250.0000000007	0.1485730000
9	1000000000	5250.0000000033	0.3210208000
9	2200000000	5250.0000000080	0.7476738000
9	4700000000	5250.0000000198	1.4854370000
9	10000000000	5250.0000000359	3.1034800000
10	1	2550.0000000000	0.0016726000
10	2	4575.0000000000	0.0021906000
10	4	5081.2500000000	0.0025591000
10	7	5194.8979591837	0.0024389000
10	10	5223.0000000000	0.0024897000
10	22	5244.4214876033	0.0017196000
10	47	5248.7777274785	0.0023276000
10	100	5249.7300000000	0.0027422000
10	220	5249.9442148760	0.0023459000
10	470	5249.9877772748	0.0022419000
10	1000	5249.9973000000	0.0032323000
10	2200	5249.9994421488	0.0023566000
10	4700	5249.9998777727	0.0023196000
10	10000	5249.9999730000	0.0024634000
10	22000	5249.9999944215	0.0025137000
10	47000	5249.9999987777	0.0028249000
10	100000	5249.9999997300	0.0024966000
10	220000	5249.9999999442	0.0027693000
10	470000	5249.9999999878	0.0024963000
10	1000000	5249.9999999973	0.0025961000
10	2200000	5249.9999999994	0.0032814000
10	4700000	5250.0000000000	0.0044956000
10	10000000	5250.0000000001	0.0066362000
10	22000000	5250.0000000000	0.0098990000
10	47000000	5249.9999999999	0.0180687000
10	100000000	5249.9999999997	0.0363342000
10	220000000	5250.0000000001	0.0824327000
10	470000000	5249.9999999996	0.1480894000
10	1000000000	5250.0000000003	0.2973228000
10	2200000000	5250.0000000001	0.6465951000
10	4700000000	5249.9999999969	1.4045357000
10	10000000000	5249.9999999945	2.9798678000
11	1	2550.0000000000	0.0018657000
11	2	4575.0000000000	0.0023944000
11	4	5081.2500000000	0.0023520000
11	7	5194.8979591837	0.0025435000
11	10	5223.0000000000	0.0024940000
11	22	5244.4214876033	0.0028904999
11	47	5248.7777274785	0.0025180000
11	100	5249.7300000000	0.0024561000
11	220	5249.9442148760	0.0020603000
11	470	5249.9877772748	0.0024095000
11	1000	5249.9973000000	0.0023401000
11	2200	5249.9994421488	0.0024029000
11	4700	5249.9998777727	0.0023734000
11	10000	5249.9999730000	0.0090832000
11	22000	5249.9999944215	0.0027404000
11	47000	5249.9999987777	0.0024067000
11	100000	5249.9999997300	0.0022493000
11	220000	5249.9999999442	0.0024279000
11	470000	5249.9999999878	0.0027747000
11	1000000	5249.9999999973	0.0027285000
11	2200000	5249.9999999994	0.0039644000
11	4700000	5249.9999999999	0.0040015000
11	10000000	5250.0000000001	0.0063497000
11	22000000	5250.0000000000	0.0107122000
11	47000000	5249.9999999999	0.0180533000
11	100000000	5249.9999999997	0.0343065000
11	220000000	5250.0000000000	0.0753206000
11	470000000	5249.9999999998	0.1508092000
11	1000000000	5250.0000000000	0.3142225000
11	2200000000	5249.9999999993	0.6666849000
11	4700000000	5249.9999999946	1.3771895000
11	10000000000	5249.9999999771	3.0663196000
12	1	2550.0000000000	0.0023522000
12	2	4575.0000000000	0.0024067000
12	4	5081.2500000000	0.0023650000
12	7	5194.8979591837	0.0027723000
12	10	5223.0000000000	0.0032098000
12	22	5244.4214876033	0.0028577000
12	47	5248.7777274785	0.0025659000
12	100	5249.7300000000	0.0026178000
12	220	5249.9442148760	0.0026209000
12	470	5249.9877772748	0.0026401000
12	1000	5249.9973000000	0.0027363000
12	2200	5249.9994421488	0.0022827000
12	4700	5249.9998777727	0.0023109000
12	10000	5249.9999730000	0.0024982000
12	22000	5249.9999944215	0.0027466000
12	47000	5249.9999987777	0.0026941000
12	100000	5249.9999997300	0.0026538000
12	220000	5249.9999999442	0.0026183000
12	470000	5249.9999999878	0.0025830000
12	1000000	5249.9999999973	0.0032344000
12	2200000	5249.9999999995	0.0032339000
12	4700000	5250.0000000000	0.0045204000
12	10000000	5250.0000000001	0.0068914000
12	22000000	5250.0000000001	0.0115711000
12	47000000	5249.9999999999	0.0218590000
12	100000000	5249.9999999999	0.0461319000
12	220000000	5250.0000000008	0.0779417000
12	470000000	5250.0000000014	0.1432994000
12	1000000000	5250.0000000031	0.3235530000
12	2200000000	5250.0000000079	0.6756511000
12	4700000000	5250.0000000198	1.3949802000
12	10000000000	5250.0000000487	2.9307164000
